nServices=100;
nBuses=155;
nDrivers=171;

startingTimeService=[829 1156 45 156 1079 1373 1262 256 952 1178 973 873 375 1269 417 64 1427 1034 117 1108 646 153 80 308 582 442 709 162 1440 519 506 444 311 945 695 1256 1000 349 513 1141 417 371 737 175 1195 541 22 1146 1064 66 928 1422 61 1209 1356 636 637 658 1102 1085 1293 496 863 145 29 268 1252 1268 834 338 343 1082 290 185 483 639 716 41 25 534 273 1163 1383 275 1305 88 797 1013 1156 466 1101 219 965 1308 421 1328 1238 276 503 673];
durationTimeService=[271 148 142 235 238 207 278 335 126 182 173 280 102 287 302 295 94 307 255 67 292 311 56 166 235 222 72 200 214 98 247 115 221 156 58 188 143 229 117 106 275 189 59 189 350 73 245 351 103 282 97 100 46 328 215 206 352 356 327 347 127 192 344 220 217 334 140 142 48 139 240 342 99 360 235 223 217 229 108 94 212 180 108 263 239 344 265 155 359 187 321 189 159 259 162 313 158 334 309 339];
distanceService=[32.44 352.36 100.84 149.28 266.97 442.46 115.9 391.15 492.05 327.18 50.09 130.08 123.01 419.66 49.99 143.91 285.7 424.59 582.07 432.41 199.2 566.72 104.35 190.87 247.37 571.76 228.04 266.53 163.7 313.46 258.66 452.88 539.02 502.62 364.69 575.52 140.08 59.26 296.4 70.99 379.66 559.42 295.52 335.78 287.75 153.87 185.61 126.55 315.25 348.04 532.21 545.73 368.24 460.63 108.77 241.9 207.93 433.43 406.79 380.97 67.92 216.93 430.59 401.53 455.98 413.5 378.72 347.71 229.83 395.03 433.36 26.9 547.34 217.9 576.93 434.2 146.73 325.03 253.52 425.49 362.81 167.26 510.84 320.42 63.3 447.33 117.58 304.7 300.41 520.65 236.29 328.21 189.62 471.84 591.91 517.47 189.71 281.15 322.43 127.98];
nPassengersService=[105 106 85 128 149 55 146 130 82 63 96 70 122 79 117 74 116 87 90 127 79 123 143 142 138 118 89 140 54 67 147 103 88 52 57 66 126 143 98 86 68 102 134 75 69 133 82 109 146 93 70 52 66 82 150 53 149 87 62 76 147 121 50 112 149 137 120 124 60 112 104 50 71 114 105 51 55 114 79 113 129 141 58 90 85 66 58 92 141 85 93 112 58 79 78 51 60 64 62 109];

capacityBus=[101 113 116 171 80 111 179 62 109 162 49 165 148 173 120 123 174 150 79 148 75 178 153 167 154 56 69 100 73 52 165 119 144 125 70 175 44 158 67 116 150 55 164 164 139 51 127 72 162 65 143 56 102 151 91 57 156 83 46 96 174 85 118 174 154 72 91 152 52 52 169 177 49 89 69 96 171 134 44 47 161 64 65 72 178 161 61 150 55 127 88 111 48 122 156 51 66 143 103 75 177 171 90 128 157 54 64 180 171 58 45 100 158 148 77 80 177 108 53 50 137 166 139 115 78 130 141 67 67 103 120 84 41 61 66 68 56 124 56 74 70 135 66 78 83 121 81 156 70 170 170 63 162 159 125];
costBusEurosMin=[1.76 1.92 1.65 1.22 0.7 1.39 1.6 1.35 1.09 1.59 1.32 1.85 1.32 0.62 0.91 1.7 0.52 1.82 1.99 1.21 1.96 0.52 0.68 1.26 1.7 1.47 1.4 0.86 1.05 1.73 1.51 1.82 1.18 1.67 0.57 1.26 0.7 0.98 1.84 1.59 0.63 0.55 0.66 0.77 1.01 1.23 1.37 1.1 1.6 0.73 1.1 1.75 0.88 1.46 0.59 1.18 1.91 1.13 1.06 1.17 1.73 0.6 1.38 0.68 0.59 1.12 0.92 1.49 1.73 1.24 1.26 1.67 1.25 0.56 0.8 1.63 0.6 1.21 1.11 1.55 1.74 1.47 0.59 1.95 0.77 0.78 0.6 1.88 1.87 1.23 0.69 0.78 1.26 0.64 0.66 1.73 1.56 1.45 1.17 1.17 1.47 1.77 1.16 1.44 1.75 1.64 1.42 1.66 1.41 0.84 1.07 0.79 1.46 1.17 1.31 1.0 1.61 1.07 1.35 1.55 0.81 1.97 1.88 1.93 1.76 1.13 0.68 1.89 0.99 1.33 1.7 1.88 1.59 1.28 1.31 1.68 0.54 0.69 0.82 1.13 1.84 1.78 1.33 2.0 0.84 1.82 0.58 1.31 1.28 1.3 1.69 1.22 0.69 1.76 0.7];
costBusEurosKm=[3.05 3.38 2.72 3.42 3.52 2.91 2.99 3.66 3.67 3.8 3.62 3.37 2.41 3.92 3.5 3.41 2.58 3.54 3.81 2.42 3.4 2.47 3.71 3.11 2.17 2.47 3.36 3.74 3.39 3.04 2.97 2.44 2.48 3.56 3.53 3.91 3.93 2.77 2.32 3.4 3.92 3.13 3.48 3.03 3.59 3.11 3.65 2.26 3.61 2.91 2.34 3.25 2.92 2.53 3.16 3.27 3.38 2.9 3.94 3.72 2.52 3.73 3.13 3.24 3.45 3.8 3.06 3.33 2.75 2.23 2.2 3.34 3.67 2.61 3.99 2.71 2.46 3.55 2.66 3.43 2.45 3.74 2.22 2.35 2.76 2.93 3.49 3.74 3.19 3.88 2.65 3.82 3.77 2.86 3.41 3.82 2.95 2.94 3.43 2.71 3.59 2.36 3.55 3.5 3.81 3.9 3.12 3.18 3.13 2.8 3.11 2.48 2.88 3.49 2.22 3.65 3.72 3.99 2.61 2.96 2.6 2.13 3.19 3.25 3.56 2.67 3.72 2.33 3.41 2.43 2.63 2.28 2.56 3.5 2.45 3.51 3.26 2.66 3.49 2.12 3.39 2.69 2.17 2.91 2.17 3.45 3.82 2.62 3.21 3.83 3.02 2.87 3.73 2.28 3.91];

maxMinutesDriver=[61 265 143 414 259 425 116 82 452 191 425 390 316 125 216 312 352 159 285 224 238 109 282 279 437 297 156 199 389 116 439 298 97 248 252 316 148 161 108 367 334 130 233 105 203 172 229 207 402 243 313 260 224 373 377 207 109 391 317 354 396 329 174 189 415 232 170 205 456 272 217 133 344 197 427 123 431 374 303 191 227 83 123 72 62 80 460 80 428 415 298 453 279 319 446 100 388 358 395 106 112 314 338 473 316 293 317 201 189 245 423 265 428 286 384 315 85 446 100 154 416 99 210 346 268 249 371 334 230 479 203 367 331 395 225 124 430 395 136 372 449 205 293 392 433 242 214 294 65 327 130 64 305 155 467 248 189 447 214 352 351 347 193 386 184 178 468 147 425 114 320];

maxBuses=80;
baseMinutes=360;
CBM=10;
CEM=15;
