nServices=100;
nBuses=155;
nDrivers=171;

startingTimeService=[965 482 110 1214 970 1090 1007 132 1148 607 889 88 1174 1412 305 1030 43 420 1095 1190 1268 1418 1043 781 816 1426 143 446 417 8 545 177 81 193 310 230 1305 993 226 588 740 737 778 969 700 1109 829 360 553 447 761 768 59 861 379 703 1130 422 1053 1094 1082 558 1269 1359 1173 1406 883 1129 805 577 1011 444 724 694 399 1279 488 419 1028 628 513 841 574 188 206 747 660 1275 546 195 1177 757 64 498 1411 193 798 698 630 761];
durationTimeService=[64 307 310 255 359 107 271 66 151 262 199 121 320 86 137 319 95 161 353 215 294 260 355 247 102 143 212 157 326 312 307 246 275 238 340 278 318 175 280 252 94 357 260 281 323 325 87 160 213 150 317 302 340 250 148 324 98 281 166 287 102 87 87 101 166 157 280 265 197 166 130 52 346 168 82 156 196 357 58 178 234 202 54 251 336 116 60 164 222 51 348 286 261 213 346 344 128 283 171 55];
distanceService=[309.91 287.51 543.04 118.32 80.8 497.64 469.85 478.3 55.33 554.93 68.37 295.51 269.74 557.62 82.96 180.89 403.33 453.24 41.34 509.86 62.87 386.73 371.72 53.07 571.98 571.86 568.06 495.59 84.75 478.77 107.21 23.54 225.63 284.54 496.97 375.36 41.85 419.12 574.25 570.05 193.15 342.89 158.44 306.15 227.09 223.46 385.28 176.59 502.59 578.52 586.86 383.06 305.15 155.45 368.35 575.76 432.88 280.16 375.61 485.18 373.83 346.11 80.55 405.11 232.79 283.86 457.65 248.54 387.77 547.53 236.0 532.91 182.87 370.99 272.4 63.45 212.21 252.82 351.61 276.56 157.44 217.74 290.57 85.25 591.58 584.63 103.87 311.25 565.48 312.99 312.4 291.44 267.79 585.92 498.39 501.78 492.94 550.93 496.05 474.08];
nPassengersService=[61 123 129 110 101 73 72 86 125 143 61 114 102 78 137 60 50 147 57 102 124 57 103 112 150 122 107 73 122 72 100 83 116 147 51 97 143 102 61 106 55 100 107 54 135 54 119 131 75 86 129 57 57 121 141 103 139 83 88 93 127 96 57 79 90 141 121 81 72 96 119 69 130 96 138 110 142 74 141 106 143 141 117 58 130 61 69 56 124 116 106 59 79 75 147 80 115 69 58 86];

capacityBus=[105 157 145 96 128 168 133 175 97 143 119 163 92 114 167 179 118 114 121 154 90 140 119 98 153 93 110 85 164 168 130 58 177 177 88 175 48 44 158 56 125 165 117 165 117 90 138 137 143 155 89 102 100 122 154 141 54 69 116 56 113 110 48 53 80 149 47 177 65 48 61 95 83 89 142 87 40 82 161 180 161 179 47 53 87 99 127 133 152 104 83 42 176 130 108 136 140 114 172 119 79 112 52 58 45 75 165 73 67 166 170 115 115 105 67 54 102 140 114 42 47 145 161 44 175 110 146 43 120 68 127 167 75 78 140 86 65 180 69 168 92 82 96 129 134 123 49 70 58 135 120 113 144 136 83];
costBusEurosMin=[1.55 1.72 0.91 1.7 1.99 1.56 1.51 1.2 1.62 0.74 1.91 1.87 0.74 0.81 1.66 1.81 1.8 0.71 1.76 0.79 0.66 1.21 1.81 0.77 1.19 1.83 0.78 1.25 1.3 1.04 1.48 0.63 1.17 0.89 1.03 1.99 1.75 0.75 0.81 0.99 1.47 0.62 1.63 0.64 1.98 0.55 1.71 0.91 1.84 1.87 1.77 0.77 1.61 1.82 1.65 1.96 1.16 1.06 1.58 0.85 1.89 0.7 0.63 0.8 0.95 0.72 0.56 0.87 1.8 1.96 0.61 1.33 1.72 1.52 1.77 1.66 1.09 1.22 1.13 0.95 1.7 0.61 0.63 0.93 1.7 1.53 1.42 0.55 0.86 1.28 1.9 1.68 1.38 0.8 0.88 1.28 0.63 1.5 0.98 0.85 0.72 1.26 0.65 1.2 1.59 1.8 0.94 1.71 0.96 0.73 0.72 0.57 1.61 0.92 1.57 1.31 1.75 0.64 1.62 1.12 1.79 0.82 1.86 0.87 1.19 1.7 1.57 0.54 1.46 1.23 0.88 1.64 1.68 0.64 1.17 1.52 0.55 1.83 0.96 0.89 1.28 0.54 1.0 0.73 1.36 1.71 1.14 1.37 1.19 1.03 0.53 1.54 1.79 1.54 1.93];
costBusEurosKm=[2.14 3.43 3.78 3.48 2.63 2.23 2.21 2.95 3.78 2.13 2.48 2.36 2.75 3.16 2.2 2.35 2.18 3.62 3.61 3.75 3.91 3.89 3.98 2.62 3.42 3.63 3.38 3.31 3.79 2.37 3.93 2.95 3.13 2.82 2.55 2.33 3.85 2.65 2.9 3.19 3.65 2.38 3.46 2.9 3.77 2.58 3.7 2.17 2.77 3.02 2.6 2.46 2.64 3.08 2.81 3.33 3.78 3.52 2.88 2.39 2.34 2.52 2.36 2.71 2.91 2.17 3.91 2.65 3.31 2.87 2.14 2.86 3.18 2.89 3.36 3.69 2.2 2.52 2.29 2.8 2.21 2.56 3.59 3.4 2.18 2.12 3.46 2.72 2.21 3.5 2.5 3.33 2.48 3.36 3.42 3.88 2.44 2.7 2.37 3.91 3.74 2.41 2.66 2.63 3.1 2.36 3.75 3.31 3.89 3.19 3.67 2.88 2.33 2.59 2.26 2.95 2.57 2.71 3.9 2.65 3.89 2.8 3.44 3.79 2.93 2.44 2.5 3.11 2.64 3.49 3.06 2.56 2.68 3.66 3.93 2.92 2.76 3.96 2.73 3.42 2.66 2.19 3.47 3.63 3.73 2.48 3.84 2.53 3.05 2.93 3.33 3.77 2.96 3.84 3.66];

maxMinutesDriver=[346 174 104 204 347 322 401 309 474 110 90 60 304 332 365 202 309 220 80 162 437 169 219 443 419 362 387 321 340 211 314 370 64 256 136 181 195 74 73 246 83 469 330 161 463 83 182 357 473 371 385 424 248 343 77 361 315 221 378 183 93 272 476 146 257 235 109 89 363 127 427 345 380 156 382 224 350 377 232 397 62 323 164 307 441 99 225 323 258 230 388 153 394 178 411 197 371 470 255 371 212 313 324 429 111 136 99 392 96 392 419 132 246 155 356 272 326 317 168 401 428 146 382 119 241 184 368 69 132 113 396 460 255 403 328 319 212 399 261 453 452 212 93 417 123 296 255 398 200 152 398 176 427 454 403 387 346 110 359 138 310 348 463 412 367 191 145 395 68 89 459];

maxBuses=80;
baseMinutes=360;
CBM=10;
CEM=15;
