nServices=100;
nBuses=155;
nDrivers=171;

startingTimeService=[1409 359 598 940 133 859 786 1237 394 414 893 944 536 409 1155 1162 442 451 64 607 727 841 608 1391 286 426 313 1000 416 1259 100 197 1281 120 1363 157 875 637 473 1289 458 930 371 521 554 1439 723 192 146 1125 146 461 788 1227 809 999 379 739 895 1339 638 174 1053 386 877 83 891 226 194 527 426 1091 626 1310 539 1266 389 920 460 324 311 914 166 418 1063 710 1352 812 1279 1115 1432 877 566 436 803 997 67 874 1180 352];
durationTimeService=[263 62 79 290 356 113 308 297 70 191 338 88 57 243 156 330 220 237 92 275 166 330 321 328 352 240 286 320 339 186 335 176 74 113 316 357 348 299 337 219 123 276 76 109 197 158 268 284 245 105 49 132 134 340 53 184 171 355 86 305 208 266 280 144 213 131 284 113 135 122 320 118 158 219 154 107 216 68 121 141 147 226 212 298 292 226 276 56 340 325 154 276 158 315 108 325 216 334 77 228];
distanceService=[463.76 197.01 438.54 487.49 260.54 460.74 95.22 164.54 568.67 286.89 491.56 539.28 257.57 116.26 406.4 226.84 299.76 425.85 349.61 143.99 98.74 359.51 189.03 380.72 563.3 465.08 122.76 215.46 148.12 232.89 142.79 107.93 217.85 469.16 590.92 504.21 510.01 340.51 194.53 599.26 58.11 68.31 543.57 467.78 293.15 59.94 258.89 44.45 66.18 327.87 188.28 99.04 259.3 350.77 59.03 314.59 306.07 157.99 444.08 297.68 234.04 52.61 272.68 170.85 431.2 369.37 421.1 86.3 233.97 271.78 500.42 334.15 118.53 556.03 580.46 497.45 55.16 391.89 352.13 95.12 297.74 447.81 277.09 197.59 306.74 313.96 141.33 79.27 411.29 155.99 167.64 500.11 221.6 248.5 427.95 538.98 79.0 257.68 599.21 362.96];
nPassengersService=[91 120 86 88 85 136 61 53 89 136 143 149 136 84 66 149 150 68 93 104 82 119 134 143 71 139 144 134 83 91 106 53 65 143 99 124 52 111 97 128 93 63 91 52 64 127 139 55 130 119 110 55 84 135 75 143 65 89 82 85 110 100 130 87 59 108 51 83 113 57 123 81 70 117 57 142 55 120 132 65 121 53 139 113 62 124 141 100 97 52 105 118 91 72 130 127 84 145 50 114];

capacityBus=[84 158 158 148 122 46 155 144 129 120 45 120 173 132 117 119 112 130 141 146 149 171 165 67 171 47 48 143 52 171 60 60 131 124 153 74 42 151 117 43 103 59 80 152 115 128 55 118 72 69 147 101 122 93 47 100 145 167 155 131 122 74 141 103 99 143 123 52 105 65 167 103 131 140 150 180 42 128 83 97 144 153 137 70 157 122 162 60 80 147 164 85 85 163 101 56 164 123 175 179 60 82 174 82 52 118 172 106 60 81 107 51 107 43 145 54 121 179 89 118 143 166 97 105 125 52 107 113 171 178 150 124 110 177 148 76 116 73 77 99 151 93 163 115 90 51 77 122 149 126 120 152 46 145 120];
costBusEurosMin=[1.03 0.69 1.85 1.73 1.17 1.73 1.1 1.04 0.88 1.95 1.94 0.61 0.89 1.86 0.6 1.08 1.7 1.8 0.52 0.91 1.8 1.55 0.83 1.11 1.84 0.95 0.95 0.97 0.9 1.33 1.33 0.65 0.76 1.16 0.5 1.65 1.01 0.93 1.18 0.92 0.64 0.8 1.35 1.21 0.9 1.29 0.89 1.88 1.32 1.06 1.39 1.4 1.31 1.1 1.6 1.19 1.58 0.93 1.25 1.2 0.87 1.96 1.9 0.79 1.55 0.65 0.52 0.63 1.3 0.59 0.75 1.02 1.26 1.0 1.26 1.96 1.88 1.61 1.54 1.45 1.45 0.7 1.27 1.54 0.99 0.91 1.52 1.16 1.93 0.9 0.77 0.82 0.56 0.63 1.38 0.85 1.46 0.9 0.78 1.33 1.75 0.73 1.69 1.58 1.77 1.35 1.38 1.4 0.81 0.84 0.93 1.99 1.15 1.31 1.07 0.65 0.93 0.69 1.14 1.63 1.94 1.43 1.22 1.69 0.84 1.14 0.55 1.45 1.15 0.81 0.68 0.63 0.81 1.73 0.93 1.09 1.45 0.72 0.73 1.18 1.61 1.57 1.97 0.78 1.78 0.7 0.83 1.2 1.72 1.04 0.79 1.37 1.4 1.67 1.46];
costBusEurosKm=[3.79 3.34 3.56 3.56 3.12 2.19 2.13 2.97 3.94 2.77 3.59 3.97 3.91 3.36 2.15 2.23 2.26 2.88 2.38 2.17 3.47 3.36 2.62 2.41 3.66 2.27 3.55 2.37 2.55 3.82 2.88 2.4 3.91 2.8 3.12 3.81 3.02 2.52 2.9 3.59 3.08 3.13 3.01 2.33 3.18 2.39 3.9 3.76 3.85 3.74 2.92 2.92 2.54 3.78 2.42 3.25 3.24 2.96 3.46 2.96 3.97 2.17 3.15 2.53 3.48 3.2 2.57 2.76 3.58 3.54 2.38 3.86 3.47 3.6 3.05 3.26 2.21 3.33 3.05 2.36 3.49 3.78 2.92 2.4 2.48 2.59 2.92 2.41 2.17 3.86 3.13 2.45 3.47 2.56 2.19 2.96 3.17 2.32 2.82 2.75 3.94 3.43 3.19 3.13 2.56 2.71 3.65 3.38 2.66 3.3 2.38 2.28 2.6 3.19 3.67 2.64 2.5 2.84 3.01 3.61 3.94 3.73 2.32 2.22 2.36 2.96 3.01 2.54 2.85 3.64 3.07 3.52 3.42 2.84 2.59 2.97 2.67 3.09 3.38 3.84 3.95 2.6 2.87 2.62 3.04 2.2 3.79 2.73 2.84 2.87 2.24 3.19 2.41 3.22 3.35];

maxMinutesDriver=[433 387 368 466 129 413 77 292 461 263 92 86 305 357 296 137 292 295 392 185 434 215 203 203 227 337 228 372 101 117 100 221 476 348 243 375 88 295 189 271 139 396 276 161 168 93 378 357 128 400 480 109 84 73 460 76 324 214 67 102 367 238 183 173 397 172 398 67 455 252 111 298 410 163 443 166 436 252 249 285 259 182 259 441 433 66 394 174 100 462 430 124 296 279 289 103 190 295 185 130 170 462 213 451 198 102 478 93 142 232 381 161 142 236 455 249 395 331 139 204 143 355 364 125 236 316 378 259 288 277 316 416 372 415 239 471 457 62 118 203 121 469 407 470 197 300 109 291 458 166 157 185 276 254 60 128 397 214 344 412 291 259 456 157 407 233 407 285 472 392 479];

maxBuses=80;
baseMinutes=360;
CBM=10;
CEM=15;
