nServices=200;
nBuses=240;
nDrivers=210;

startingTimeService=[1324 666 76 875 429 836 822 1163 925 10 475 192 509 739 743 105 239 165 984 491 1011 1072 256 417 1054 311 565 440 720 612 491 137 430 543 413 597 286 529 482 1098 935 1376 1122 1038 158 569 526 314 1292 144 735 849 1094 198 683 797 700 554 1144 656 1177 1003 416 778 731 859 1305 1316 1008 99 946 189 425 948 1429 1322 586 1250 484 1335 676 36 808 748 651 154 111 1125 759 302 251 592 989 396 39 1013 128 151 927 835 266 1063 1115 553 1080 595 961 907 1217 905 617 873 1013 860 1354 451 1425 358 956 532 957 718 346 557 1306 345 393 1085 1113 1162 652 1293 846 726 1374 1433 809 174 639 1366 187 769 1012 847 1027 758 726 938 1434 1417 460 155 1188 310 1381 1211 648 1422 1060 1086 154 621 507 1131 725 383 845 1095 1274 496 1320 641 1329 752 424 188 784 473 144 69 1152 753 599 1433 589 1327 1340 542 136 771 493 146 1332 226 124 944 763 164 605 747];
durationTimeService=[269 262 233 99 48 350 348 335 81 234 127 333 353 93 135 146 176 198 248 139 245 51 122 47 329 124 143 278 257 170 206 170 157 347 270 271 231 69 173 350 260 273 63 85 49 168 254 136 221 203 241 291 153 74 334 353 154 48 76 179 264 231 77 295 301 97 315 213 346 66 339 335 242 283 134 155 270 96 285 61 217 231 60 157 334 329 89 49 184 164 118 309 279 84 113 135 223 235 326 215 325 175 208 190 327 128 195 248 127 160 172 120 331 128 119 292 58 304 290 286 177 221 152 115 146 146 328 191 92 192 143 88 250 172 253 254 176 258 125 166 116 324 193 94 234 346 207 233 318 153 117 129 109 166 142 309 46 105 120 340 161 99 106 132 168 279 54 83 180 169 81 356 252 288 162 275 64 179 296 176 130 73 293 51 290 227 118 328 163 281 269 306 277 55 246 118 271 77 184 129];
distanceService=[454.69 95.62 335.8 567.51 77.63 170.31 105.37 281.33 194.25 285.17 548.66 268.53 30.73 180.0 134.34 593.68 366.02 141.36 198.49 329.13 596.13 62.17 391.95 326.8 457.05 128.28 464.9 375.09 139.08 468.41 149.89 584.55 45.8 585.02 256.15 62.85 460.33 599.84 210.67 590.73 323.93 240.69 326.31 386.41 514.56 36.28 432.56 374.06 29.11 451.85 225.65 14.82 587.38 29.93 86.53 455.94 34.63 597.97 40.45 275.09 350.85 16.05 514.64 491.09 568.32 59.73 61.97 558.55 289.31 316.29 57.15 362.43 156.75 367.14 63.21 551.3 352.91 27.47 260.12 30.05 483.06 166.28 91.62 540.5 519.79 528.87 78.64 518.8 206.3 494.84 364.32 212.58 496.77 516.0 463.81 149.43 449.02 80.1 96.84 560.69 377.22 221.82 515.03 476.92 303.0 510.68 217.73 243.42 74.84 226.0 375.7 316.53 401.63 97.33 230.32 576.87 166.09 216.19 226.15 61.39 132.83 482.78 173.67 559.9 319.26 281.25 99.12 570.06 559.5 326.74 18.1 259.28 468.37 484.52 432.16 151.73 386.86 423.41 164.41 592.67 310.51 273.32 348.68 99.05 160.15 230.83 13.45 23.97 375.71 18.41 169.88 321.47 349.57 358.17 218.31 435.41 103.26 468.82 449.53 429.7 471.14 311.91 400.12 168.86 322.49 411.32 389.15 561.97 257.94 15.04 162.09 86.98 338.64 193.25 554.17 257.9 582.05 92.45 287.19 388.17 17.99 463.8 144.59 229.5 444.64 91.48 532.16 156.89 66.96 435.65 207.93 112.07 103.88 346.37 194.65 561.36 375.53 126.57 99.28 30.83];
nPassengersService=[137 57 95 80 118 74 99 109 136 142 81 71 97 88 128 78 51 79 56 76 65 110 67 132 121 59 107 100 96 136 128 55 94 55 141 94 129 51 84 54 69 93 128 109 86 98 97 51 118 143 110 150 141 149 65 112 133 149 53 124 92 91 52 91 142 60 54 85 143 123 71 115 72 105 131 140 145 64 99 140 83 133 121 72 119 71 96 81 100 116 112 85 101 84 149 50 102 108 141 124 78 98 102 130 79 92 117 89 88 124 119 93 110 105 52 90 131 142 96 60 75 110 64 103 106 82 113 132 126 111 61 94 144 110 81 83 105 123 94 81 111 87 82 99 89 75 59 126 143 101 60 90 77 146 130 55 104 84 101 108 126 118 52 54 126 124 99 61 63 69 57 59 60 143 51 102 118 132 69 69 102 93 50 141 109 70 50 149 90 53 67 83 84 113 142 136 78 112 50 101];

capacityBus=[105 179 121 93 81 124 63 81 92 128 108 115 86 145 53 147 104 170 87 164 144 104 107 141 106 155 158 92 48 107 155 65 51 158 149 158 85 75 44 85 105 170 46 148 96 83 130 86 48 81 117 170 104 151 130 61 70 84 44 80 93 82 107 176 139 148 62 92 161 43 90 84 68 86 152 50 104 131 78 154 91 132 137 159 91 149 97 88 86 149 77 83 79 57 59 108 115 56 53 103 178 112 114 71 160 107 180 137 139 113 168 40 126 53 48 122 136 165 67 138 133 40 173 93 50 74 48 128 74 169 62 114 171 75 149 135 157 162 58 76 114 45 88 96 77 108 140 61 118 167 49 124 73 82 178 159 40 62 119 128 133 88 107 142 153 72 162 61 57 42 40 148 80 156 169 160 57 109 46 44 164 89 111 40 115 114 167 141 135 169 102 147 44 168 66 95 59 52 41 58 72 60 169 113 60 89 137 82 128 134 101 152 126 101 158 151 128 112 166 84 131 93 172 67 57 149 153 173 173 173 157 179 71 107 42 83 128 170 47 78];
costBusEurosMin=[1.4 0.74 1.6 1.79 1.21 1.69 1.92 1.64 1.79 0.68 0.52 0.95 1.79 0.72 0.67 1.62 0.88 1.17 0.51 1.12 1.8 1.83 1.96 1.58 1.3 1.83 1.93 1.63 0.58 1.06 0.71 0.6 1.63 0.52 1.86 1.98 1.41 0.93 1.3 1.24 0.96 1.28 1.42 1.57 1.19 0.54 1.51 1.03 1.41 1.84 1.84 1.26 1.76 1.53 1.73 0.6 0.53 1.07 1.83 1.52 1.49 1.7 1.53 1.37 0.64 0.77 0.52 1.95 0.98 0.64 1.22 1.69 1.58 1.15 0.96 1.98 1.26 0.96 1.29 0.82 1.18 0.95 1.78 1.68 0.64 1.46 0.92 1.96 0.96 0.9 1.98 1.68 1.42 1.37 1.04 0.69 0.59 1.02 0.85 0.73 0.96 0.9 1.07 1.1 1.06 1.07 1.93 0.91 0.71 1.53 0.72 1.04 1.23 1.51 0.84 1.18 1.38 0.91 0.89 1.14 1.21 0.99 1.56 0.51 1.79 1.87 1.69 1.75 1.83 1.65 1.22 1.25 1.65 0.69 1.51 1.05 1.88 0.77 1.91 0.64 1.35 1.14 1.22 1.56 0.82 1.67 1.62 1.32 1.39 1.53 0.5 0.97 0.69 1.66 1.91 1.63 1.08 1.11 1.11 0.78 1.78 1.64 1.55 1.42 0.69 0.92 1.84 1.09 1.72 1.19 1.82 1.93 1.92 1.42 1.79 1.01 0.51 1.26 0.53 1.92 1.57 1.04 1.65 1.33 1.92 0.92 1.89 1.12 1.83 1.79 1.1 1.51 1.02 1.42 1.95 1.98 1.46 1.13 1.16 1.36 1.33 0.75 1.28 1.71 0.9 1.78 1.01 1.59 1.08 1.61 1.85 0.89 1.5 0.53 1.22 1.15 0.99 1.41 1.9 0.82 1.64 1.99 0.94 1.96 0.74 1.51 1.66 1.24 1.33 0.51 1.49 1.2 1.14 0.76 1.2 1.56 0.68 0.52 0.86 1.85];
costBusEurosKm=[3.25 2.58 3.58 3.11 2.61 3.22 3.09 3.18 2.19 3.54 2.9 2.95 3.15 2.46 3.92 2.81 2.87 2.36 3.31 2.97 2.67 3.81 2.26 3.51 2.32 3.36 2.88 3.58 2.32 2.24 3.47 3.13 3.22 3.67 2.85 2.29 3.62 3.22 2.13 2.22 2.93 3.77 3.87 3.66 3.79 3.99 2.71 3.31 3.82 2.91 3.29 2.69 2.79 2.75 3.13 2.17 3.58 3.99 3.2 3.25 3.95 3.75 3.26 2.88 2.79 3.3 2.71 3.48 3.57 3.59 2.5 3.77 3.36 2.26 3.37 3.12 2.24 3.12 2.81 3.61 3.86 3.92 3.35 3.58 2.52 2.77 3.89 3.44 2.19 2.52 3.2 2.13 3.98 2.25 2.47 3.47 3.03 3.5 3.03 2.61 2.39 3.65 3.15 3.36 2.56 2.5 3.65 2.8 3.05 3.06 3.43 3.76 3.67 3.47 3.51 2.34 2.29 3.09 2.78 2.54 3.06 3.22 3.75 3.31 3.79 2.17 3.62 3.65 2.84 3.96 2.69 3.63 3.92 2.15 3.84 3.3 2.25 3.74 2.15 3.02 3.46 2.13 2.21 3.24 2.29 2.84 2.93 3.96 2.83 3.25 3.87 3.07 3.0 3.95 2.16 3.56 3.16 3.16 2.65 2.2 2.35 3.98 3.32 3.03 3.56 2.77 3.15 3.53 3.64 2.58 3.97 3.36 2.76 3.97 3.18 3.08 3.88 3.81 3.43 3.63 2.85 3.09 2.93 3.92 3.98 3.67 2.43 2.85 2.53 2.93 3.87 2.72 3.92 2.67 3.28 2.48 2.54 2.72 2.51 3.16 2.41 3.57 3.94 2.62 2.31 4.0 3.08 3.78 3.5 3.62 2.39 3.05 3.55 3.4 3.76 3.46 3.96 3.04 2.26 3.53 2.8 2.18 2.99 3.68 3.94 3.58 3.72 2.5 3.05 2.94 2.82 2.13 3.12 2.36 3.42 2.58 3.51 3.77 2.55 3.06];

maxMinutesDriver=[280 365 401 113 277 198 302 106 243 349 418 280 321 425 362 409 203 76 477 248 420 425 326 223 168 163 211 366 113 426 471 245 79 317 464 387 442 204 117 335 214 359 104 196 265 313 401 174 70 143 320 296 147 152 260 400 361 294 105 158 283 423 225 321 139 471 302 247 151 230 300 249 462 287 420 373 427 206 333 465 474 131 146 479 470 352 352 304 464 254 120 455 407 110 399 205 165 141 421 233 317 77 338 250 289 101 113 476 84 164 104 262 468 299 163 79 394 115 376 226 135 115 355 76 268 367 104 138 194 167 140 142 190 351 69 105 307 374 88 213 471 235 386 212 432 441 161 477 369 242 443 87 198 167 277 328 378 377 480 417 425 245 411 335 201 130 112 151 265 89 233 407 188 249 174 113 377 307 278 150 220 287 467 168 208 314 396 408 99 433 474 196 63 367 414 227 74 65 227 371 316 125 327 236 69 80 373 100 100 246];

maxBuses=180;
baseMinutes=360;
CBM=10;
CEM=15;
