nServices=100;
nBuses=155;
nDrivers=171;

startingTimeService=[39 984 1037 901 673 391 193 89 1157 1056 187 1124 759 1436 431 1268 1247 1215 839 215 785 1236 746 663 735 821 1284 1051 463 710 1151 1440 590 922 461 1153 59 521 461 957 717 275 721 967 228 1240 592 1284 1126 979 629 811 996 1168 203 917 1418 387 559 1238 775 526 668 815 659 1340 1257 300 722 803 1240 473 1009 279 1116 735 587 247 161 1240 182 1289 1430 185 307 1411 334 86 1144 651 1121 1213 303 116 905 625 1233 1389 1243 1097];
durationTimeService=[188 177 180 138 99 351 257 335 156 184 98 185 180 199 326 157 261 332 334 214 51 348 171 103 344 304 328 321 328 234 228 101 268 101 304 50 306 182 155 323 230 344 254 166 66 312 87 98 101 227 157 358 148 234 157 239 55 143 78 240 79 235 141 151 64 219 113 327 95 107 346 289 124 71 134 216 269 167 82 300 213 352 286 158 191 78 337 115 214 181 158 270 318 256 123 101 308 343 287 160];
distanceService=[385.1 581.95 151.2 244.81 29.97 480.25 530.83 186.4 178.73 523.97 545.74 302.31 308.65 382.32 356.71 464.31 223.79 421.46 414.2 294.3 352.89 474.33 555.46 313.68 192.0 593.81 591.71 91.72 485.22 571.83 267.98 125.8 575.17 403.44 282.33 475.13 563.52 519.08 532.97 568.59 482.76 77.79 91.57 494.08 285.2 586.52 154.3 213.4 167.86 15.85 355.91 572.42 196.84 325.05 538.88 133.48 562.85 165.0 224.5 277.55 380.5 69.68 292.49 107.26 247.19 13.81 271.78 496.39 237.05 599.97 306.97 102.73 20.89 78.42 262.38 568.93 517.07 73.42 162.92 338.78 203.05 444.35 596.08 218.01 498.47 197.46 210.01 393.7 197.16 238.17 382.65 534.87 532.34 162.64 475.39 175.89 441.33 217.79 192.03 13.38];
nPassengersService=[143 73 109 86 121 90 116 93 105 145 90 58 140 129 85 147 105 77 110 109 82 62 91 109 71 116 139 128 113 94 104 59 55 61 140 113 92 91 82 105 82 52 58 129 137 138 55 89 63 106 85 70 104 68 108 75 133 96 53 86 64 99 120 139 147 100 67 149 51 105 136 113 102 52 77 124 92 98 135 136 87 86 61 113 97 75 117 79 50 123 114 89 73 87 145 50 119 68 104 113];

capacityBus=[75 47 152 155 99 140 140 128 58 41 83 78 180 70 147 171 153 68 47 98 137 153 76 159 178 97 90 166 120 133 49 141 68 76 114 124 161 145 140 145 116 102 104 62 116 63 164 76 162 41 103 87 80 139 112 72 40 163 123 98 154 153 112 176 60 173 54 73 62 146 152 94 83 148 93 169 167 114 102 79 41 156 77 164 79 98 142 158 138 96 173 179 49 134 73 95 94 58 113 59 94 146 123 106 56 167 156 99 55 105 176 98 145 126 56 75 177 133 91 84 168 83 143 60 177 166 150 137 103 69 109 154 90 60 76 57 44 80 110 94 148 98 75 155 55 109 99 179 135 172 136 99 112 126 58];
costBusEurosMin=[1.16 1.87 1.76 1.54 1.83 1.33 0.68 0.87 1.46 0.96 1.44 1.45 0.96 1.4 1.55 1.48 1.41 1.41 0.97 1.34 0.83 0.95 1.72 1.11 0.86 1.51 0.72 0.96 1.39 0.76 0.78 1.72 1.63 1.94 1.28 1.94 0.9 0.57 1.61 0.71 1.37 0.63 0.74 1.35 0.98 0.87 1.21 1.3 1.68 1.1 1.3 1.29 0.54 0.76 1.57 0.53 0.89 1.74 0.67 1.34 1.89 1.61 0.55 0.77 1.85 0.52 0.92 1.73 1.1 1.01 1.84 1.77 0.68 1.74 1.15 1.27 1.05 1.05 0.8 1.33 1.04 1.61 1.87 1.81 1.55 0.57 1.84 1.31 1.28 1.2 1.0 0.68 0.75 1.8 1.64 0.99 0.56 0.6 1.72 1.0 1.05 1.82 1.26 1.37 1.52 1.74 1.78 0.95 1.15 0.6 0.58 1.83 0.95 1.66 1.46 1.33 1.63 1.26 0.9 0.52 1.24 1.47 1.06 1.02 1.9 1.26 1.38 0.62 1.45 1.31 1.57 0.88 0.74 1.89 1.8 1.09 1.31 1.08 1.84 0.72 0.58 0.59 1.3 0.58 1.0 0.78 0.9 0.92 1.84 1.19 1.62 1.4 1.82 1.67 0.56];
costBusEurosKm=[3.0 3.33 3.52 2.17 3.09 2.3 2.77 2.75 3.82 2.49 2.43 2.32 2.46 3.02 3.61 2.65 3.67 3.19 2.31 3.59 2.5 3.35 2.69 3.73 3.2 3.15 2.56 3.62 3.93 3.73 2.88 3.77 3.15 3.24 2.39 2.16 3.36 2.14 3.28 3.13 2.85 2.47 2.67 2.48 3.71 2.24 2.16 2.22 3.54 3.13 2.28 2.24 2.67 3.45 2.5 3.27 3.99 3.72 3.43 2.42 2.18 2.22 3.72 3.54 2.27 3.14 3.34 2.65 3.33 2.89 3.38 2.64 3.85 3.67 3.82 3.96 2.64 3.63 2.76 3.68 2.58 2.89 2.73 2.56 2.67 3.93 2.63 2.92 3.6 2.87 3.26 2.78 3.06 3.88 3.76 2.78 3.64 3.0 2.76 3.42 3.1 3.1 3.71 3.1 3.25 2.9 3.11 3.3 3.43 3.36 2.62 3.18 2.99 2.18 2.29 2.14 3.34 3.64 3.22 3.57 2.92 3.69 2.57 2.46 2.65 2.95 3.41 3.79 3.98 3.97 3.73 3.98 2.44 2.3 2.51 2.32 2.75 3.73 2.91 2.42 3.61 2.74 3.41 2.15 2.33 3.17 2.57 3.58 2.9 3.2 3.34 2.49 2.55 2.44 3.44];

maxMinutesDriver=[347 114 224 171 207 266 342 417 210 214 276 383 297 85 129 445 360 402 134 426 314 327 422 278 200 233 346 260 286 187 69 79 152 391 396 190 201 105 428 340 241 80 225 99 131 341 415 307 199 264 161 86 449 210 265 121 441 247 299 380 125 304 462 272 183 409 191 232 95 205 290 100 167 412 313 305 183 286 312 277 144 384 197 123 407 392 353 479 117 155 345 242 480 230 76 67 179 388 253 210 132 409 282 271 449 201 474 277 219 448 200 472 102 476 426 80 374 396 313 348 429 370 250 187 432 351 298 197 429 193 250 140 258 448 433 413 480 171 273 193 323 268 111 389 225 260 451 381 116 333 367 220 414 459 279 304 136 281 409 139 248 349 321 297 285 212 213 110 155 326 100];

maxBuses=80;
baseMinutes=360;
CBM=10;
CEM=15;
